%YAML:1.0
---
rotation: !!opencv-matrix
   rows: 3
   cols: 3
   dt: d
   data: [ 9.9970261092079082e-01, 5.3208260684247995e-03,
       -2.3798708538562495e-02, -4.7835569985033490e-03,
       9.9973369017134917e-01, 2.2575790546929968e-02,
       2.3912492563426882e-02, -2.2455234274581817e-02,
       9.9946183276455225e-01 ]
translation: !!opencv-matrix
   rows: 3
   cols: 1
   dt: d
   data: [ -5.3002436821498737e-02, 1.1251037575724075e-03,
       5.5633302939432369e-03 ]
essential: !!opencv-matrix
   rows: 3
   cols: 3
   dt: d
   data: [ 5.3516542798611702e-05, -5.5871131928654297e-03,
       9.9890168413415011e-04, 6.8290961966073760e-03,
       -1.1605806230952052e-03, 5.2841512570433208e-02,
       -8.7122898640671633e-04, -5.2994308233033700e-02,
       -1.1697958957569369e-03 ]
fundamental: !!opencv-matrix
   rows: 3
   cols: 3
   dt: d
   data: [ 1.9603455082712667e-07, -2.0387470902429328e-05,
       5.5480654328171810e-03, 2.4944051683546268e-05,
       -4.2228960871679613e-06, 6.2554733864496226e-02,
       -1.7377398161158474e-02, -1.7650712549044104e-01, 1. ]
