%YAML:1.0
---
cameraMatrix: !!opencv-matrix
   rows: 3
   cols: 3
   dt: d
   data: [ 3.5246894800500638e+02, 0., 2.5527453598220853e+02, 0.,
       3.5382584306413372e+02, 2.1132633995427511e+02, 0., 0., 1. ]
distortionCoefficients: !!opencv-matrix
   rows: 1
   cols: 5
   dt: d
   data: [ 4.7015946356572413e-02, -2.1140084456519237e-01,
       6.3814803819233525e-03, -3.5063471587342689e-04,
       9.7131037360045316e-02 ]
rotation: !!opencv-matrix
   rows: 3
   cols: 3
   dt: d
   data: [ 1., 0., 0., 0., 1., 0., 0., 0., 1. ]
projection: !!opencv-matrix
   rows: 4
   cols: 4
   dt: d
   data: [ 3.5246894800500638e+02, 0., 2.5527453598220853e+02, 0., 0.,
       3.5382584306413372e+02, 2.1132633995427511e+02, 0., 0., 0., 1.,
       0., 0., 0., 0., 1. ]
