%YAML:1.0
---
depthShift: -3.0741435971553617e+01
