%YAML:1.0
---
cameraMatrix: !!opencv-matrix
   rows: 3
   cols: 3
   dt: d
   data: [ 3.7232315593877769e+02, 0., 2.5261398754632216e+02, 0.,
       3.7250075456281957e+02, 2.0851501369138467e+02, 0., 0., 1. ]
distortionCoefficients: !!opencv-matrix
   rows: 1
   cols: 5
   dt: d
   data: [ 1.1267958374574073e-01, -3.1547289729130851e-01,
       1.0873767840599428e-03, 2.4443760056251998e-03,
       1.2076790459333608e-01 ]
rotation: !!opencv-matrix
   rows: 3
   cols: 3
   dt: d
   data: [ 1., 0., 0., 0., 1., 0., 0., 0., 1. ]
projection: !!opencv-matrix
   rows: 4
   cols: 4
   dt: d
   data: [ 3.7232315593877769e+02, 0., 2.5261398754632216e+02, 0., 0.,
       3.7250075456281957e+02, 2.0851501369138467e+02, 0., 0., 0., 1.,
       0., 0., 0., 0., 1. ]
