%YAML:1.0
---
cameraMatrix: !!opencv-matrix
   rows: 3
   cols: 3
   dt: d
   data: [ 1.0562889054134664e+03, 0., 9.6823239712693578e+02, 0.,
       1.0524412809270079e+03, 5.3027537708698230e+02, 0., 0., 1. ]
distortionCoefficients: !!opencv-matrix
   rows: 1
   cols: 5
   dt: d
   data: [ 4.4114247365315745e-02, -5.7121948646940597e-02,
       -3.4380293295767486e-04, 2.5763001676046763e-03,
       1.4872858452671250e-02 ]
rotation: !!opencv-matrix
   rows: 3
   cols: 3
   dt: d
   data: [ 1., 0., 0., 0., 1., 0., 0., 0., 1. ]
projection: !!opencv-matrix
   rows: 4
   cols: 4
   dt: d
   data: [ 1.0562889054134664e+03, 0., 9.6823239712693578e+02, 0., 0.,
       1.0524412809270079e+03, 5.3027537708698230e+02, 0., 0., 0., 1.,
       0., 0., 0., 0., 1. ]
