%YAML:1.0
---
depthShift: -1.7668292154796024e+01
