%YAML:1.0
---
rotation: !!opencv-matrix
   rows: 3
   cols: 3
   dt: d
   data: [ 9.9894639577609634e-01, -1.3741076225550916e-02,
       -4.3786769578381582e-02, 1.4073812782816698e-02,
       9.9987431233280788e-01, 7.2998171722782690e-03,
       4.3680958777262538e-02, -7.9083728514823311e-03,
       9.9901422986819410e-01 ]
translation: !!opencv-matrix
   rows: 3
   cols: 1
   dt: d
   data: [ -3.5859976806176835e-02, -3.8527835983206906e-04,
       -7.3529760564411753e-03 ]
essential: !!opencv-matrix
   rows: 3
   cols: 3
   dt: d
   data: [ 8.6655080261290997e-05, 7.3550988029548806e-03,
       -3.3122318304835518e-04, -5.7788307611856462e-03,
       -1.8255626255254601e-04, 3.6146590180412802e-02,
       -1.1981417104151059e-04, -3.5860763788657012e-02,
       -2.7864136925273369e-04 ]
fundamental: !!opencv-matrix
   rows: 3
   cols: 3
   dt: d
   data: [ 5.8471070988449542e-08, 4.9605338928796419e-06,
       -1.1323287542052720e-03, -3.9135585851804410e-06,
       -1.2357240237268583e-07, 1.0128600854836082e-02,
       1.9332540912405975e-03, -3.0284554910771672e-02, 1. ]
