%YAML:1.0
---
cameraMatrix: !!opencv-matrix
   rows: 3
   cols: 3
   dt: d
   data: [ 1.0308352082149856e+03, 0., 1.0045978335474783e+03, 0.,
       1.0337845756492161e+03, 5.5687375647676708e+02, 0., 0., 1. ]
distortionCoefficients: !!opencv-matrix
   rows: 1
   cols: 5
   dt: d
   data: [ -7.6170819156970420e-03, -2.6958681087099055e-02,
       -3.2301727412820426e-03, 4.9907607707320983e-03,
       1.1589856248596901e-02 ]
rotation: !!opencv-matrix
   rows: 3
   cols: 3
   dt: d
   data: [ 1., 0., 0., 0., 1., 0., 0., 0., 1. ]
projection: !!opencv-matrix
   rows: 4
   cols: 4
   dt: d
   data: [ 1.0308352082149856e+03, 0., 1.0045978335474783e+03, 0., 0.,
       1.0337845756492161e+03, 5.5687375647676708e+02, 0., 0., 0., 1.,
       0., 0., 0., 0., 1. ]
